Class distribution in raw data:
 Income
8.0    0.36
7.0    0.17
6.0    0.14
5.0    0.10
4.0    0.08
3.0    0.06
2.0    0.05
1.0    0.04
Name: proportion, dtype: float64
              precision    recall  f1-score   support

         1.0       0.15      0.48      0.22      1909
         2.0       0.14      0.26      0.18      2382
         3.0       0.14      0.08      0.10      3188
         4.0       0.15      0.10      0.12      4005
         5.0       0.17      0.14      0.16      5202
         6.0       0.21      0.14      0.17      7321
         7.0       0.23      0.16      0.19      8619
         8.0       0.60      0.67      0.63     18110

    accuracy                           0.34     50736
   macro avg       0.22      0.25      0.22     50736
weighted avg       0.33      0.34      0.33     50736

